encog,BasicNetwork,java,3.2.0,1,1392235941857
[BASIC]
[BASIC:PARAMS]
[BASIC:NETWORK]
beginTraining=0
connectionLimit=0
contextTargetOffset=11,0,0
contextTargetSize=1,0,0
endTraining=2
hasContext=t
inputCount=5
layerCounts=1,11,6
layerFeedCounts=1,9,5
layerContextCount=0,1,0
layerIndex=0,1,12
output=0.217802189,0,0.9680240068,0.4271621615,1,0.9991779622,0.3378115532,1,0,0,1,0.217802189,0.2262046048,0.2421077617,0.2262046048,0.2050795158,0.2219321149,1
outputCount=1
weightIndex=0,11,65
weights=43.4941113154,5.2532214076,-6.037192635,-0.0237371798,-2.2496564452,5.6718506664,-0.1011322362,2.8308710114,2301.8845967513,-3.1693640904,-0.7425575479,-177261.2079711631,-2141863.667353757,-2683461.2231536414,-2699077.1915376266,-3004959.1398140676,-5.7123642744,-1.6110278498,3.0536714388,1.8941716962,-0.6607508404,8.6980719308,0.8120898206,5.5593524269,-7.1049130507,5.1741549642,3.9493228188,-10.7138084572,0.5665389411,-526993.641047243,1089819.163510929,1218052.8671250353,1179658.2257412008,1163926.1347284885,-1.3728598714,15.1698928912,-9.0141974959,-7.3291174957,18.7754420021,-30.6489351904,10.4632715306,6.3339050042,-7.9094666042,5.961249396,5.9433878877,-10.4978799484,-0.428402238,-583920.341787028,1020202.6687713818,1247182.0840328338,1213930.4595383382,1254508.980999428,617.3360687006,-198576.081534951,-2217875.0409990516,-2783658.277112421,-2814756.2519057887,-3108425.5480180955,1.4984783588,-198576.7342974576,-2217874.0431704894,-2779133.893839121,-2814153.621321528,-3107317.984245409,-0.5031789582
biasActivation=0,1,1
[BASIC:ACTIVATION]
"org.encog.engine.network.activation.ActivationSigmoid"
"org.encog.engine.network.activation.ActivationSigmoid"
"org.encog.engine.network.activation.ActivationLinear"
